   0.0000000e+00
   5.4495506e-06
   1.6296859e-05
   3.2490542e-05
   5.3979622e-05
   8.0713531e-05
   1.1264211e-04
   1.4971561e-04
   1.9188468e-04
   2.3910039e-04
   2.9131421e-04
   3.4847802e-04
   4.1054411e-04
   4.7746518e-04
   5.4919432e-04
   6.2568506e-04
   7.0689130e-04
   7.9276738e-04
   8.8326804e-04
   9.7834840e-04
   1.0779640e-03
   1.1820709e-03
   1.2906253e-03
   1.4035841e-03
   1.5209045e-03
   1.6425439e-03
   1.7684605e-03
   1.8986126e-03
   2.0329591e-03
   2.1714591e-03
   2.3140723e-03
   2.4607587e-03
   2.6114787e-03
   2.7661932e-03
   2.9248635e-03
   3.0874512e-03
   3.2539184e-03
   3.4242275e-03
   3.5983415e-03
   3.7762235e-03
   3.9578374e-03
   4.1431472e-03
   4.3321175e-03
   4.5247130e-03
   4.7208993e-03
   4.9206419e-03
   5.1239071e-03
   5.3306614e-03
   5.5408717e-03
   5.7545053e-03
   5.9715301e-03
   6.1919143e-03
   6.4156263e-03
   6.6426352e-03
   6.8729104e-03
   7.1064216e-03
   7.3431391e-03
   7.5830335e-03
   7.8260758e-03
   8.0722373e-03
   8.3214900e-03
   8.5738061e-03
   8.8291582e-03
   9.0875194e-03
   9.3488630e-03
   9.6131630e-03
   9.8803937e-03
   1.0150530e-02
   1.0423546e-02
   1.0699418e-02
   1.0978122e-02
   1.1259634e-02
   1.1544155e-02
   1.1831659e-02
   1.2122123e-02
   1.2415522e-02
   1.2711834e-02
   1.3011034e-02
   1.3313102e-02
   1.3618015e-02
   1.3925750e-02
   1.4236288e-02
   1.4549607e-02
   1.4865687e-02
   1.5184508e-02
   1.5506050e-02
   1.5830296e-02
   1.6157225e-02
   1.6486821e-02
   1.6819065e-02
   1.7153940e-02
   1.7491429e-02
   1.7831517e-02
   1.8174187e-02
   1.8519424e-02
   1.8867212e-02
   1.9217538e-02
   1.9570387e-02
   1.9925745e-02
   2.0283599e-02
   2.0643936e-02
   2.1006744e-02
   2.1372011e-02
   2.1739726e-02
   2.2109876e-02
   2.2482452e-02
   2.2857444e-02
   2.3234841e-02
   2.3614634e-02
   2.3996814e-02
   2.4381374e-02
   2.4768304e-02
   2.5157597e-02
   2.5549246e-02
   2.5943244e-02
   2.6339585e-02
   2.6738263e-02
   2.7139272e-02
   2.7542608e-02
   2.7948266e-02
   2.8356241e-02
   2.8766530e-02
   2.9179130e-02
   2.9594038e-02
   3.0011250e-02
   3.0430766e-02
   3.0852584e-02
   3.1276702e-02
   3.1703119e-02
   3.2131836e-02
   3.2562853e-02
   3.2996170e-02
   3.3431787e-02
   3.3869707e-02
   3.4309931e-02
   3.4752461e-02
   3.5197301e-02
   3.5644453e-02
   3.6093920e-02
   3.6545707e-02
   3.6999818e-02
   3.7456257e-02
   3.7915031e-02
   3.8376144e-02
   3.8839603e-02
   3.9305414e-02
   3.9773584e-02
   4.0244120e-02
   4.0717031e-02
   4.1192323e-02
   4.1670007e-02
   4.2150090e-02
   4.2632583e-02
   4.3117494e-02
   4.3604835e-02
   4.4094616e-02
   4.4586848e-02
   4.5081543e-02
   4.5578712e-02
   4.6078368e-02
   4.6580524e-02
   4.7085193e-02
   4.7592388e-02
   4.8102124e-02
   4.8614414e-02
   4.9129275e-02
   4.9646721e-02
   5.0166767e-02
   5.0689430e-02
   5.1214727e-02
   5.1742674e-02
   5.2273288e-02
   5.2806588e-02
   5.3342592e-02
   5.3881318e-02
   5.4422784e-02
   5.4967012e-02
   5.5514020e-02
   5.6063828e-02
   5.6616458e-02
   5.7171930e-02
   5.7730266e-02
   5.8291488e-02
   5.8855618e-02
   5.9422678e-02
   5.9992692e-02
   6.0565684e-02
   6.1141676e-02
   6.1720695e-02
   6.2302763e-02
   6.2887908e-02
   6.3476153e-02
   6.4068832e-02
   6.4665982e-02
   6.5267642e-02
   6.5873849e-02
   6.6484644e-02
   6.7100065e-02
   6.7720153e-02
   6.8344949e-02
   6.8974494e-02
   6.9608830e-02
   7.0248000e-02
   7.0892048e-02
   7.1541015e-02
   7.2194948e-02
   7.2853891e-02
   7.3517889e-02
   7.4186988e-02
   7.4861235e-02
   7.5540677e-02
   7.6225362e-02
   7.6915337e-02
   7.7610652e-02
   7.8311357e-02
   7.9017501e-02
   7.9729134e-02
   8.0446309e-02
   8.1169075e-02
   8.1897487e-02
   8.2631596e-02
   8.3371456e-02
   8.4117121e-02
   8.4868645e-02
   8.5626083e-02
   8.6389491e-02
   8.7158926e-02
   8.7934443e-02
   8.8716100e-02
   8.9503956e-02
   9.0298067e-02
   9.1098494e-02
   9.1905296e-02
   9.2718533e-02
   9.3538265e-02
   9.4364554e-02
   9.5197462e-02
   9.6037050e-02
   9.6883382e-02
   9.7736521e-02
   9.8596531e-02
   9.9463476e-02
   1.0033742e-01
   1.0121843e-01
   1.0210658e-01
   1.0300192e-01
   1.0390453e-01
   1.0481448e-01
   1.0573182e-01
   1.0665664e-01
   1.0758900e-01
   1.0852897e-01
   1.0947662e-01
   1.1043202e-01
   1.1139525e-01
   1.1236637e-01
   1.1334547e-01
   1.1433260e-01
   1.1532786e-01
   1.1633130e-01
   1.1734301e-01
   1.1836305e-01
   1.1939152e-01
   1.2042848e-01
   1.2147401e-01
   1.2252819e-01
   1.2359109e-01
   1.2466280e-01
   1.2574339e-01
   1.2683295e-01
   1.2793155e-01
   1.2903928e-01
   1.3015621e-01
   1.3128244e-01
   1.3241803e-01
   1.3356308e-01
   1.3471766e-01
   1.3588187e-01
   1.3705578e-01
   1.3823948e-01
   1.3943306e-01
   1.4063661e-01
   1.4185020e-01
   1.4307393e-01
   1.4430789e-01
   1.4555216e-01
   1.4680683e-01
   1.4807199e-01
   1.4934773e-01
   1.5063415e-01
   1.5193132e-01
   1.5323936e-01
   1.5455833e-01
   1.5588835e-01
   1.5722950e-01
   1.5858187e-01
   1.5994557e-01
   1.6132068e-01
   1.6270729e-01
   1.6410551e-01
   1.6551544e-01
   1.6693716e-01
   1.6837077e-01
   1.6981638e-01
   1.7127408e-01
   1.7274397e-01
   1.7422615e-01
   1.7572072e-01
   1.7722778e-01
   1.7874743e-01
   1.8027977e-01
   1.8182490e-01
   1.8338586e-01
   1.8496276e-01
   1.8655574e-01
   1.8816493e-01
   1.8979045e-01
   1.9143243e-01
   1.9309100e-01
   1.9476629e-01
   1.9645844e-01
   1.9816756e-01
   1.9989380e-01
   2.0163729e-01
   2.0339816e-01
   2.0517655e-01
   2.0697259e-01
   2.0878641e-01
   2.1061815e-01
   2.1246795e-01
   2.1433594e-01
   2.1622227e-01
   2.1812707e-01
   2.2005047e-01
   2.2199263e-01
   2.2395368e-01
   2.2593375e-01
   2.2793272e-01
   2.2995043e-01
   2.3198674e-01
   2.3404152e-01
   2.3611462e-01
   2.3820591e-01
   2.4031524e-01
   2.4244248e-01
   2.4458749e-01
   2.4675013e-01
   2.4893027e-01
   2.5112777e-01
   2.5334249e-01
   2.5557431e-01
   2.5782308e-01
   2.6008867e-01
   2.6237095e-01
   2.6466980e-01
   2.6698507e-01
   2.6931663e-01
   2.7166436e-01
   2.7402813e-01
   2.7640781e-01
   2.7880326e-01
   2.8121436e-01
   2.8364098e-01
   2.8608300e-01
   2.8854029e-01
   2.9101273e-01
   2.9350018e-01
   2.9600253e-01
   2.9851965e-01
   3.0105142e-01
   3.0359771e-01
   3.0615841e-01
   3.0873339e-01
   3.1132253e-01
   3.1392571e-01
   3.1654281e-01
   3.1917371e-01
   3.2181830e-01
   3.2447645e-01
   3.2714805e-01
   3.2983298e-01
   3.3253112e-01
   3.3524237e-01
   3.3796660e-01
   3.4070370e-01
   3.4345355e-01
   3.4621605e-01
   3.4899108e-01
   3.5177853e-01
   3.5457828e-01
   3.5739022e-01
   3.6021426e-01
   3.6305026e-01
   3.6589814e-01
   3.6875776e-01
   3.7162904e-01
   3.7451186e-01
   3.7740611e-01
   3.8031169e-01
   3.8322849e-01
   3.8615641e-01
   3.8909534e-01
   3.9204517e-01
   3.9500581e-01
   3.9797715e-01
   4.0095908e-01
   4.0395151e-01
   4.0695434e-01
   4.0996745e-01
   4.1299076e-01
   4.1602416e-01
   4.1906756e-01
   4.2212085e-01
   4.2518394e-01
   4.2825672e-01
   4.3133911e-01
   4.3443101e-01
   4.3753231e-01
   4.4064292e-01
   4.4376276e-01
   4.4689172e-01
   4.5002971e-01
   4.5317664e-01
   4.5633241e-01
   4.5949694e-01
   4.6267012e-01
   4.6585188e-01
   4.6904211e-01
   4.7224074e-01
   4.7544766e-01
   4.7866280e-01
   4.8188605e-01
   4.8512140e-01
   4.8836869e-01
   4.9162781e-01
   4.9489862e-01
   4.9818099e-01
   5.0147480e-01
   5.0477992e-01
   5.0809622e-01
   5.1142358e-01
   5.1476187e-01
   5.1811097e-01
   5.2147075e-01
   5.2484110e-01
   5.2822189e-01
   5.3161301e-01
   5.3501432e-01
   5.3842572e-01
   5.4184708e-01
   5.4527830e-01
   5.4871924e-01
   5.5216980e-01
   5.5562986e-01
   5.5909930e-01
   5.6257802e-01
   5.6606591e-01
   5.6956284e-01
   5.7306871e-01
   5.7658341e-01
   5.8010683e-01
   5.8363886e-01
   5.8717939e-01
   5.9072832e-01
   5.9428555e-01
   5.9785095e-01
   6.0142444e-01
   6.0500591e-01
   6.0859525e-01
   6.1219236e-01
   6.1579714e-01
   6.1940950e-01
   6.2302932e-01
   6.2665652e-01
   6.3029098e-01
   6.3393263e-01
   6.3758135e-01
   6.4123705e-01
   6.4489964e-01
   6.4856903e-01
   6.5224511e-01
   6.5592780e-01
   6.5961700e-01
   6.6331262e-01
   6.6701458e-01
   6.7072277e-01
   6.7443712e-01
   6.7815753e-01
   6.8188392e-01
   6.8561619e-01
   6.8935427e-01
   6.9309806e-01
   6.9684749e-01
   7.0060246e-01
   7.0436290e-01
   7.0812871e-01
   7.1189983e-01
   7.1567616e-01
   7.1945763e-01
   7.2324416e-01
   7.2703567e-01
   7.3083207e-01
   7.3463330e-01
   7.3843927e-01
   7.4224991e-01
   7.4606514e-01
   7.4988490e-01
   7.5370909e-01
   7.5753766e-01
   7.6137052e-01
   7.6520761e-01
   7.6904885e-01
   7.7289417e-01
   7.7674351e-01
   7.8059679e-01
   7.8445395e-01
   7.8831491e-01
   7.9217961e-01
   7.9604799e-01
   7.9991997e-01
   8.0379549e-01
   8.0767449e-01
   8.1157009e-01
   8.1548197e-01
   8.1940983e-01
   8.2335338e-01
   8.2731230e-01
   8.3128632e-01
   8.3527512e-01
   8.3927844e-01
   8.4329597e-01
   8.4732745e-01
   8.5137258e-01
   8.5543110e-01
   8.5950273e-01
   8.6358719e-01
   8.6768423e-01
   8.7179358e-01
   8.7591498e-01
   8.8004818e-01
   8.8419291e-01
   8.8834892e-01
   8.9251598e-01
   8.9669382e-01
   9.0088222e-01
   9.0508093e-01
   9.0928972e-01
   9.1350834e-01
   9.1773658e-01
   9.2197421e-01
   9.2622099e-01
   9.3047672e-01
   9.3474117e-01
   9.3901412e-01
   9.4329537e-01
   9.4758470e-01
   9.5188192e-01
   9.5618681e-01
   9.6049918e-01
   9.6481883e-01
   9.6914557e-01
   9.7347920e-01
   9.7781955e-01
   9.8216642e-01
   9.8651963e-01
   9.9087901e-01
   9.9524437e-01
   9.9961555e-01
   1.0039924e+00
   1.0083747e+00
   1.0127623e+00
   1.0171551e+00
   1.0215528e+00
   1.0259554e+00
   1.0303627e+00
   1.0347745e+00
   1.0391907e+00
   1.0436111e+00
   1.0480357e+00
   1.0524642e+00
   1.0568965e+00
   1.0613325e+00
   1.0657721e+00
   1.0702151e+00
   1.0746613e+00
   1.0791108e+00
   1.0835633e+00
   1.0880188e+00
   1.0924771e+00
   1.0969381e+00
   1.1014017e+00
   1.1058678e+00
   1.1103363e+00
   1.1148070e+00
   1.1192800e+00
   1.1237550e+00
   1.1282320e+00
   1.1327110e+00
   1.1371917e+00
   1.1416741e+00
   1.1461582e+00
   1.1506438e+00
   1.1551369e+00
   1.1596373e+00
   1.1641446e+00
   1.1686587e+00
   1.1731791e+00
   1.1777057e+00
   1.1822382e+00
   1.1867763e+00
   1.1913198e+00
   1.1958683e+00
   1.2004217e+00
   1.2049796e+00
   1.2095419e+00
   1.2141082e+00
   1.2186784e+00
   1.2232521e+00
   1.2278291e+00
   1.2324092e+00
   1.2369922e+00
   1.2415779e+00
   1.2461659e+00
   1.2507561e+00
   1.2553484e+00
   1.2599424e+00
   1.2645380e+00
   1.2691350e+00
   1.2737332e+00
   1.2783325e+00
   1.2829327e+00
   1.2875336e+00
   1.2921352e+00
   1.2967372e+00
   1.3013396e+00
   1.3059423e+00
   1.3105452e+00
   1.3151481e+00
   1.3197512e+00
   1.3243542e+00
