   9.9283115e-01   1.8369375e-01
   9.9278722e-01   1.8369375e-01
   9.9273266e-01   1.8369375e-01
   9.9267407e-01   1.8369375e-01
   9.9261327e-01   1.8369375e-01
   9.9255106e-01   1.8369375e-01
   9.9248786e-01   1.8369375e-01
   9.9242391e-01   1.8369375e-01
   9.9235936e-01   1.8369375e-01
   9.9229433e-01   1.8369375e-01
   9.9222889e-01   1.8369375e-01
   9.9216310e-01   1.8369375e-01
   9.9209700e-01   1.8369375e-01
   9.9203062e-01   1.8369375e-01
   9.9196399e-01   1.8369375e-01
   9.9189713e-01   1.8369375e-01
   9.9183006e-01   1.8369375e-01
   9.9176279e-01   1.8369375e-01
   9.9169533e-01   1.8369375e-01
   9.9162770e-01   1.8369375e-01
   9.9155989e-01   1.8369375e-01
   9.9149192e-01   1.8369375e-01
   9.9142380e-01   1.8369375e-01
   9.9135552e-01   1.8369375e-01
   9.9128710e-01   1.8369375e-01
   9.9121853e-01   1.8369375e-01
   9.9114982e-01   1.8369375e-01
   9.9108096e-01   1.8369375e-01
   9.9101197e-01   1.8369375e-01
   9.9094283e-01   1.8369375e-01
   9.9087356e-01   1.8369375e-01
   9.9080414e-01   1.8369375e-01
   9.9073458e-01   1.8369375e-01
   9.9066488e-01   1.8369375e-01
   9.9059504e-01   1.8369375e-01
   9.9052505e-01   1.8369375e-01
   9.9045491e-01   1.8369375e-01
   9.9038461e-01   1.8369375e-01
   9.9031415e-01   1.8369375e-01
   9.9024353e-01   1.8369375e-01
   9.9017274e-01   1.8369375e-01
   9.9010177e-01   1.8369375e-01
   9.9003062e-01   1.8369375e-01
   9.8995927e-01   1.8369375e-01
   9.8988772e-01   1.8369375e-01
   9.8981595e-01   1.8369375e-01
   9.8974394e-01   1.8369375e-01
   9.8967170e-01   1.8369375e-01
   9.8959919e-01   1.8369375e-01
   9.8952639e-01   1.8369375e-01
   9.8945328e-01   1.8369375e-01
   9.8937984e-01   1.8369375e-01
   9.8930603e-01   1.8369375e-01
   9.8923180e-01   1.8369375e-01
   9.8915712e-01   1.8369375e-01
   9.8908193e-01   1.8369375e-01
   9.8900616e-01   1.8369375e-01
   9.8892972e-01   1.8369375e-01
   9.8885251e-01   1.8369375e-01
   9.8877440e-01   1.8369375e-01
   9.8869520e-01   1.8369375e-01
   9.8861469e-01   1.8369375e-01
   9.8853254e-01   1.8369375e-01
   9.8844829e-01   1.8369375e-01
   9.8836125e-01   1.8369375e-01
   9.8827032e-01   1.8369375e-01
   9.8817355e-01   1.8369375e-01
   9.8806707e-01   1.8369375e-01
   9.8794119e-01   1.8369375e-01
   9.8775715e-01   1.8369375e-01
   9.8719012e-01   1.7144750e-01
   9.8673924e-01   1.7144750e-01
   9.8623008e-01   1.7144750e-01
   9.8570149e-01   1.7144750e-01
   9.8516318e-01   1.7144750e-01
   9.8461902e-01   1.7144750e-01
   9.8407096e-01   1.7144750e-01
   9.8352009e-01   1.7144750e-01
   9.8296712e-01   1.7144750e-01
   9.8241250e-01   1.7144750e-01
   9.8185656e-01   1.7144750e-01
   9.8129953e-01   1.7144750e-01
   9.8074158e-01   1.7144750e-01
   9.8018286e-01   1.7144750e-01
   9.7962347e-01   1.7144750e-01
   9.7906349e-01   1.7144750e-01
   9.7850299e-01   1.7144750e-01
   9.7794202e-01   1.7144750e-01
   9.7738064e-01   1.7144750e-01
   9.7681888e-01   1.7144750e-01
   9.7625678e-01   1.7144750e-01
   9.7569436e-01   1.7144750e-01
   9.7513164e-01   1.7144750e-01
   9.7456866e-01   1.7144750e-01
   9.7400542e-01   1.7144750e-01
   9.7344194e-01   1.7144750e-01
   9.7287824e-01   1.7144750e-01
   9.7231433e-01   1.7144750e-01
   9.7175022e-01   1.7144750e-01
   9.7118592e-01   1.7144750e-01
   9.7062143e-01   1.7144750e-01
   9.7005677e-01   1.7144750e-01
   9.6949194e-01   1.7144750e-01
   9.6892694e-01   1.7144750e-01
   9.6836179e-01   1.7144750e-01
   9.6779649e-01   1.7144750e-01
   9.6723103e-01   1.7144750e-01
   9.6666544e-01   1.7144750e-01
   9.6609970e-01   1.7144750e-01
   9.6553382e-01   1.7144750e-01
   9.6496781e-01   1.7144750e-01
   9.6440166e-01   1.7144750e-01
   9.6383538e-01   1.7144750e-01
   9.6326897e-01   1.7144750e-01
   9.6270244e-01   1.7144750e-01
   9.6213578e-01   1.7144750e-01
   9.6156899e-01   1.7144750e-01
   9.6100208e-01   1.7144750e-01
   9.6043505e-01   1.7144750e-01
   9.5986790e-01   1.7144750e-01
   9.5930062e-01   1.7144750e-01
   9.5873323e-01   1.7144750e-01
   9.5816571e-01   1.7144750e-01
   9.5759808e-01   1.7144750e-01
   9.5703032e-01   1.7144750e-01
   9.5646245e-01   1.7144750e-01
   9.5589446e-01   1.7144750e-01
   9.5532634e-01   1.7144750e-01
   9.5475811e-01   1.7144750e-01
   9.5418976e-01   1.7144750e-01
   9.5362129e-01   1.7144750e-01
   9.5305270e-01   1.7144750e-01
   9.5248398e-01   1.7144750e-01
   9.5191515e-01   1.7144750e-01
   9.5134619e-01   1.7144750e-01
   9.5077712e-01   1.7144750e-01
   9.5020792e-01   1.7144750e-01
   9.4963860e-01   1.7144750e-01
   9.4906915e-01   1.7144750e-01
   9.4849958e-01   1.7144750e-01
   9.4792988e-01   1.7144750e-01
   9.4736006e-01   1.7144750e-01
   9.4679011e-01   1.7144750e-01
   9.4622003e-01   1.7144750e-01
   9.4564982e-01   1.7144750e-01
   9.4507948e-01   1.7144750e-01
   9.4450901e-01   1.7144750e-01
   9.4393841e-01   1.7144750e-01
   9.4336767e-01   1.7144750e-01
   9.4279680e-01   1.7144750e-01
   9.4222580e-01   1.7144750e-01
   9.4165465e-01   1.7144750e-01
   9.4108337e-01   1.7144750e-01
   9.4051194e-01   1.7144750e-01
   9.3994037e-01   1.7144750e-01
   9.3936866e-01   1.7144750e-01
   9.3879680e-01   1.7144750e-01
   9.3822480e-01   1.7144750e-01
   9.3765264e-01   1.7144750e-01
   9.3708034e-01   1.7144750e-01
   9.3650787e-01   1.7144750e-01
   9.3593526e-01   1.7144750e-01
   9.3536248e-01   1.7144750e-01
   9.3478954e-01   1.7144750e-01
   9.3421644e-01   1.7144750e-01
   9.3364316e-01   1.7144750e-01
   9.3306972e-01   1.7144750e-01
   9.3249610e-01   1.7144750e-01
   9.3192230e-01   1.7144750e-01
   9.3134831e-01   1.7144750e-01
   9.3077414e-01   1.7144750e-01
   9.3019977e-01   1.7144750e-01
   9.2962519e-01   1.7144750e-01
   9.2905040e-01   1.7144750e-01
   9.2847540e-01   1.7144750e-01
   9.2790016e-01   1.7144750e-01
   9.2732467e-01   1.7144750e-01
   9.2674893e-01   1.7144750e-01
   9.2617291e-01   1.7144750e-01
   9.2559658e-01   1.7144750e-01
   9.2501991e-01   1.7144750e-01
   9.2444287e-01   1.7144750e-01
   9.2386539e-01   1.7144750e-01
   9.2328739e-01   1.7144750e-01
   9.2270875e-01   1.7144750e-01
   9.2212928e-01   1.7144750e-01
   9.2154863e-01   1.7144750e-01
   9.2096614e-01   1.7144750e-01
   9.2038010e-01   1.7144750e-01
   9.1978374e-01   1.7144750e-01
   9.1911446e-01   1.7144750e-01
   9.1846538e-01   1.7144750e-01
   9.1780493e-01   1.7144750e-01
   9.1714094e-01   1.7144750e-01
   9.1647512e-01   1.7144750e-01
   9.1580815e-01   1.7144750e-01
   9.1514038e-01   1.7144750e-01
   9.1447200e-01   1.7144750e-01
   9.1380313e-01   1.7144750e-01
   9.1313386e-01   1.7144750e-01
   9.1246423e-01   1.7144750e-01
   9.1179430e-01   1.7144750e-01
   9.1112409e-01   1.7144750e-01
   9.1045363e-01   1.7144750e-01
   9.0978293e-01   1.7144750e-01
   9.0911202e-01   1.7144750e-01
   9.0844090e-01   1.7144750e-01
   9.0776958e-01   1.7144750e-01
   9.0709808e-01   1.7144750e-01
   9.0642639e-01   1.7144750e-01
   9.0575453e-01   1.7144750e-01
   9.0508249e-01   1.7144750e-01
   9.0441030e-01   1.7144750e-01
   9.0373793e-01   1.7144750e-01
   9.0306541e-01   1.7144750e-01
   9.0239274e-01   1.7144750e-01
   9.0171991e-01   1.7144750e-01
   9.0104692e-01   1.7144750e-01
   9.0037379e-01   1.7144750e-01
   8.9970050e-01   1.7144750e-01
   8.9902707e-01   1.7144750e-01
   8.9835349e-01   1.7144750e-01
   8.9767976e-01   1.7144750e-01
   8.9700589e-01   1.7144750e-01
   8.9633187e-01   1.7144750e-01
   8.9565771e-01   1.7144750e-01
   8.9498340e-01   1.7144750e-01
   8.9430895e-01   1.7144750e-01
   8.9363436e-01   1.7144750e-01
   8.9295962e-01   1.7144750e-01
   8.9228473e-01   1.7144750e-01
   8.9160970e-01   1.7144750e-01
   8.9093452e-01   1.7144750e-01
   8.9025920e-01   1.7144750e-01
   8.8958373e-01   1.7144750e-01
   8.8890811e-01   1.7144750e-01
   8.8823235e-01   1.7144750e-01
   8.8755644e-01   1.7144750e-01
   8.8688037e-01   1.7144750e-01
   8.8620416e-01   1.7144750e-01
   8.8552779e-01   1.7144750e-01
   8.8485127e-01   1.7144750e-01
   8.8417460e-01   1.7144750e-01
   8.8349777e-01   1.7144750e-01
   8.8282079e-01   1.7144750e-01
   8.8214364e-01   1.7144750e-01
   8.8146634e-01   1.7144750e-01
   8.8078888e-01   1.7144750e-01
   8.8011125e-01   1.7144750e-01
   8.7943346e-01   1.7144750e-01
   8.7875550e-01   1.7144750e-01
   8.7807737e-01   1.7144750e-01
   8.7739908e-01   1.7144750e-01
   8.7672061e-01   1.7144750e-01
   8.7604196e-01   1.7144750e-01
   8.7536314e-01   1.7144750e-01
   8.7468415e-01   1.7144750e-01
   8.7400497e-01   1.7144750e-01
   8.7332560e-01   1.7144750e-01
   8.7264605e-01   1.7144750e-01
   8.7196631e-01   1.7144750e-01
   8.7128638e-01   1.7144750e-01
   8.7060625e-01   1.7144750e-01
   8.6992592e-01   1.7144750e-01
   8.6924539e-01   1.7144750e-01
   8.6856466e-01   1.7144750e-01
   8.6788372e-01   1.7144750e-01
   8.6720257e-01   1.7144750e-01
   8.6652120e-01   1.7144750e-01
   8.6583961e-01   1.7144750e-01
   8.6515780e-01   1.7144750e-01
   8.6447575e-01   1.7144750e-01
   8.6379348e-01   1.7144750e-01
   8.6311097e-01   1.7144750e-01
   8.6242821e-01   1.7144750e-01
   8.6174521e-01   1.7144750e-01
   8.6106195e-01   1.7144750e-01
   8.6037843e-01   1.7144750e-01
   8.5969464e-01   1.7144750e-01
   8.5901058e-01   1.7144750e-01
   8.5832623e-01   1.7144750e-01
   8.5764160e-01   1.7144750e-01
   8.5695667e-01   1.7144750e-01
   8.5627143e-01   1.7144750e-01
   8.5558588e-01   1.7144750e-01
   8.5490000e-01   1.7144750e-01
   8.5421377e-01   1.7144750e-01
   8.5352720e-01   1.7144750e-01
   8.5284025e-01   1.7144750e-01
   8.5215292e-01   1.7144750e-01
   8.5146519e-01   1.7144750e-01
   8.5077703e-01   1.7144750e-01
   8.5008842e-01   1.7144750e-01
   8.4939934e-01   1.7144750e-01
   8.4870975e-01   1.7144750e-01
   8.4801961e-01   1.7144750e-01
   8.4732888e-01   1.7144750e-01
   8.4663750e-01   1.7144750e-01
   8.4594540e-01   1.7144750e-01
   8.4525250e-01   1.7144750e-01
   8.4455868e-01   1.7144750e-01
   8.4386380e-01   1.7144750e-01
   8.4316765e-01   1.7144750e-01
   8.4246996e-01   1.7144750e-01
   8.4177028e-01   1.7144750e-01
   8.4106794e-01   1.7144750e-01
   8.4036174e-01   1.7144750e-01
   8.3964929e-01   1.7144750e-01
   8.3892464e-01   1.7144750e-01
   8.3816396e-01   1.7144750e-01
   8.3712197e-01   1.5920125e-01
   8.3615119e-01   1.5920125e-01
   8.3513894e-01   1.5920125e-01
   8.3411437e-01   1.5920125e-01
   8.3308356e-01   1.5920125e-01
   8.3204893e-01   1.5920125e-01
   8.3101168e-01   1.5920125e-01
   8.2997248e-01   1.5920125e-01
   8.2893177e-01   1.5920125e-01
   8.2788982e-01   1.5920125e-01
   8.2684683e-01   1.5920125e-01
   8.2580294e-01   1.5920125e-01
   8.2475826e-01   1.5920125e-01
   8.2371286e-01   1.5920125e-01
   8.2266680e-01   1.5920125e-01
   8.2162014e-01   1.5920125e-01
   8.2057290e-01   1.5920125e-01
   8.1952511e-01   1.5920125e-01
   8.1847681e-01   1.5920125e-01
   8.1742801e-01   1.5920125e-01
   8.1637872e-01   1.5920125e-01
   8.1532896e-01   1.5920125e-01
   8.1427874e-01   1.5920125e-01
   8.1322806e-01   1.5920125e-01
   8.1217693e-01   1.5920125e-01
   8.1112536e-01   1.5920125e-01
   8.1007338e-01   1.5920125e-01
   8.0902165e-01   1.5920125e-01
   8.0797022e-01   1.5920125e-01
   8.0691910e-01   1.5920125e-01
   8.0586831e-01   1.5920125e-01
   8.0481787e-01   1.5920125e-01
   8.0376780e-01   1.5920125e-01
   8.0271811e-01   1.5920125e-01
   8.0166881e-01   1.5920125e-01
   8.0061992e-01   1.5920125e-01
   7.9957144e-01   1.5920125e-01
   7.9852340e-01   1.5920125e-01
   7.9747579e-01   1.5920125e-01
   7.9642863e-01   1.5920125e-01
   7.9538193e-01   1.5920125e-01
   7.9433569e-01   1.5920125e-01
   7.9328993e-01   1.5920125e-01
   7.9224466e-01   1.5920125e-01
   7.9119987e-01   1.5920125e-01
   7.9015559e-01   1.5920125e-01
   7.8911181e-01   1.5920125e-01
   7.8806854e-01   1.5920125e-01
   7.8702579e-01   1.5920125e-01
   7.8598357e-01   1.5920125e-01
   7.8494188e-01   1.5920125e-01
   7.8390073e-01   1.5920125e-01
   7.8286013e-01   1.5920125e-01
   7.8182007e-01   1.5920125e-01
   7.8078057e-01   1.5920125e-01
   7.7974163e-01   1.5920125e-01
   7.7870325e-01   1.5920125e-01
   7.7766544e-01   1.5920125e-01
   7.7662821e-01   1.5920125e-01
   7.7559155e-01   1.5920125e-01
   7.7455548e-01   1.5920125e-01
   7.7351999e-01   1.5920125e-01
   7.7248509e-01   1.5920125e-01
   7.7145078e-01   1.5920125e-01
   7.7041707e-01   1.5920125e-01
   7.6938395e-01   1.5920125e-01
   7.6835144e-01   1.5920125e-01
   7.6731953e-01   1.5920125e-01
   7.6628823e-01   1.5920125e-01
   7.6525753e-01   1.5920125e-01
   7.6422744e-01   1.5920125e-01
   7.6319797e-01   1.5920125e-01
   7.6216910e-01   1.5920125e-01
   7.6114085e-01   1.5920125e-01
   7.6011322e-01   1.5920125e-01
   7.5908620e-01   1.5920125e-01
   7.5805980e-01   1.5920125e-01
   7.5703401e-01   1.5920125e-01
   7.5600884e-01   1.5920125e-01
   7.5498429e-01   1.5920125e-01
   7.5396035e-01   1.5920125e-01
   7.5293703e-01   1.5920125e-01
   7.5191432e-01   1.5920125e-01
   7.5089222e-01   1.5920125e-01
   7.4987073e-01   1.5920125e-01
   7.4884984e-01   1.5920125e-01
   7.4782957e-01   1.5920125e-01
   7.4680989e-01   1.5920125e-01
   7.4579081e-01   1.5920125e-01
   7.4477232e-01   1.5920125e-01
   7.4375442e-01   1.5920125e-01
   7.4273711e-01   1.5920125e-01
   7.4172037e-01   1.5920125e-01
   7.4070420e-01   1.5920125e-01
   7.3968859e-01   1.5920125e-01
   7.3867353e-01   1.5920125e-01
   7.3765901e-01   1.5920125e-01
   7.3664501e-01   1.5920125e-01
   7.3563153e-01   1.5920125e-01
   7.3461855e-01   1.5920125e-01
   7.3360605e-01   1.5920125e-01
   7.3259401e-01   1.5920125e-01
   7.3158239e-01   1.5920125e-01
   7.3057118e-01   1.5920125e-01
   7.2956034e-01   1.5920125e-01
   7.2854982e-01   1.5920125e-01
   7.2753957e-01   1.5920125e-01
   7.2652953e-01   1.5920125e-01
   7.2551962e-01   1.5920125e-01
   7.2450973e-01   1.5920125e-01
   7.2349975e-01   1.5920125e-01
   7.2248948e-01   1.5920125e-01
   7.2147869e-01   1.5920125e-01
   7.2046705e-01   1.5920125e-01
   7.1945403e-01   1.5920125e-01
   7.1843881e-01   1.5920125e-01
   7.1741995e-01   1.5920125e-01
   7.1639458e-01   1.5920125e-01
   7.1535551e-01   1.5920125e-01
   7.1427399e-01   1.5920125e-01
   7.1280327e-01   1.2246250e-01
   7.1141890e-01   1.2246250e-01
   7.0998009e-01   1.2246250e-01
   7.0852732e-01   1.2246250e-01
   7.0706841e-01   1.2246250e-01
   7.0560633e-01   1.2246250e-01
   7.0414257e-01   1.2246250e-01
   7.0267797e-01   1.2246250e-01
   7.0121305e-01   1.2246250e-01
   6.9974816e-01   1.2246250e-01
   6.9828353e-01   1.2246250e-01
   6.9681934e-01   1.2246250e-01
   6.9535572e-01   1.2246250e-01
   6.9389276e-01   1.2246250e-01
   6.9243054e-01   1.2246250e-01
   6.9096912e-01   1.2246250e-01
   6.8950855e-01   1.2246250e-01
   6.8804885e-01   1.2246250e-01
   6.8659006e-01   1.2246250e-01
   6.8513221e-01   1.2246250e-01
   6.8367530e-01   1.2246250e-01
   6.8221937e-01   1.2246250e-01
   6.8076440e-01   1.2246250e-01
   6.7931043e-01   1.2246250e-01
   6.7785744e-01   1.2246250e-01
   6.7640545e-01   1.2246250e-01
   6.7495445e-01   1.2246250e-01
   6.7350445e-01   1.2246250e-01
   6.7205543e-01   1.2246250e-01
   6.7060739e-01   1.2246250e-01
   6.6916034e-01   1.2246250e-01
   6.6771426e-01   1.2246250e-01
   6.6626914e-01   1.2246250e-01
   6.6482498e-01   1.2246250e-01
   6.6338177e-01   1.2246250e-01
   6.6193951e-01   1.2246250e-01
   6.6049819e-01   1.2246250e-01
   6.5905779e-01   1.2246250e-01
   6.5761832e-01   1.2246250e-01
   6.5617975e-01   1.2246250e-01
   6.5474209e-01   1.2246250e-01
   6.5330533e-01   1.2246250e-01
   6.5186945e-01   1.2246250e-01
   6.5043445e-01   1.2246250e-01
   6.4900032e-01   1.2246250e-01
   6.4756706e-01   1.2246250e-01
   6.4613464e-01   1.2246250e-01
   6.4470307e-01   1.2246250e-01
   6.4327234e-01   1.2246250e-01
   6.4184243e-01   1.2246250e-01
   6.4041334e-01   1.2246250e-01
   6.3898506e-01   1.2246250e-01
   6.3755759e-01   1.2246250e-01
   6.3613091e-01   1.2246250e-01
   6.3470502e-01   1.2246250e-01
   6.3327990e-01   1.2246250e-01
   6.3185556e-01   1.2246250e-01
   6.3043198e-01   1.2246250e-01
   6.2900916e-01   1.2246250e-01
   6.2758708e-01   1.2246250e-01
   6.2616574e-01   1.2246250e-01
   6.2474514e-01   1.2246250e-01
   6.2332527e-01   1.2246250e-01
   6.2190611e-01   1.2246250e-01
   6.2048766e-01   1.2246250e-01
   6.1906992e-01   1.2246250e-01
   6.1765288e-01   1.2246250e-01
   6.1623653e-01   1.2246250e-01
   6.1482086e-01   1.2246250e-01
   6.1340587e-01   1.2246250e-01
   6.1199155e-01   1.2246250e-01
   6.1057789e-01   1.2246250e-01
   6.0916489e-01   1.2246250e-01
   6.0775254e-01   1.2246250e-01
   6.0634083e-01   1.2246250e-01
   6.0492975e-01   1.2246250e-01
   6.0351931e-01   1.2246250e-01
   6.0210948e-01   1.2246250e-01
   6.0070026e-01   1.2246250e-01
   5.9929164e-01   1.2246250e-01
   5.9788362e-01   1.2246250e-01
   5.9647618e-01   1.2246250e-01
   5.9506930e-01   1.2246250e-01
   5.9366298e-01   1.2246250e-01
   5.9225719e-01   1.2246250e-01
   5.9085191e-01   1.2246250e-01
   5.8944711e-01   1.2246250e-01
   5.8804272e-01   1.2246250e-01
   5.8663866e-01   1.2246250e-01
   5.8523473e-01   1.2246250e-01
   5.8383038e-01   1.2246250e-01
   5.8242266e-01   1.2246250e-01
   5.8098041e-01   1.2246250e-01
   5.7953561e-01   1.2246250e-01
   5.7809118e-01   1.2246250e-01
   5.7664767e-01   1.2246250e-01
   5.7520526e-01   1.2246250e-01
   5.7376401e-01   1.2246250e-01
   5.7232396e-01   1.2246250e-01
   5.7088511e-01   1.2246250e-01
   5.6944745e-01   1.2246250e-01
   5.6801096e-01   1.2246250e-01
   5.6657562e-01   1.2246250e-01
   5.6514139e-01   1.2246250e-01
   5.6370821e-01   1.2246250e-01
   5.6227604e-01   1.2246250e-01
   5.6084481e-01   1.2246250e-01
   5.5941441e-01   1.2246250e-01
   5.5798475e-01   1.2246250e-01
   5.5655569e-01   1.2246250e-01
   5.5512702e-01   1.2246250e-01
   5.5369852e-01   1.2246250e-01
   5.5226983e-01   1.2246250e-01
   5.5084048e-01   1.2246250e-01
   5.4940976e-01   1.2246250e-01
   5.4797651e-01   1.2246250e-01
   5.4653873e-01   1.2246250e-01
   5.4509244e-01   1.2246250e-01
   5.4362766e-01   1.2246250e-01
   5.4210443e-01   1.2246250e-01
   5.3991426e-01   9.7970000e-02
   5.3784587e-01   9.7970000e-02
   5.3571930e-01   9.7970000e-02
   5.3357474e-01   9.7970000e-02
   5.3142224e-01   9.7970000e-02
   5.2926581e-01   9.7970000e-02
   5.2710746e-01   9.7970000e-02
   5.2494832e-01   9.7970000e-02
   5.2278908e-01   9.7970000e-02
   5.2063021e-01   9.7970000e-02
   5.1847202e-01   9.7970000e-02
   5.1631472e-01   9.7970000e-02
   5.1415847e-01   9.7970000e-02
   5.1200338e-01   9.7970000e-02
   5.0984953e-01   9.7970000e-02
   5.0769698e-01   9.7970000e-02
   5.0554577e-01   9.7970000e-02
   5.0339592e-01   9.7970000e-02
   5.0124744e-01   9.7970000e-02
   4.9910035e-01   9.7970000e-02
   4.9695462e-01   9.7970000e-02
   4.9481026e-01   9.7970000e-02
   4.9266726e-01   9.7970000e-02
   4.9052558e-01   9.7970000e-02
   4.8838520e-01   9.7970000e-02
   4.8624610e-01   9.7970000e-02
   4.8410824e-01   9.7970000e-02
   4.8197159e-01   9.7970000e-02
   4.7983611e-01   9.7970000e-02
   4.7770176e-01   9.7970000e-02
   4.7556849e-01   9.7970000e-02
   4.7343626e-01   9.7970000e-02
   4.7130501e-01   9.7970000e-02
   4.6917469e-01   9.7970000e-02
   4.6704525e-01   9.7970000e-02
   4.6491662e-01   9.7970000e-02
   4.6278874e-01   9.7970000e-02
   4.6066155e-01   9.7970000e-02
   4.5853498e-01   9.7970000e-02
   4.5640895e-01   9.7970000e-02
   4.5428338e-01   9.7970000e-02
   4.5215819e-01   9.7970000e-02
   4.5003329e-01   9.7970000e-02
   4.4790859e-01   9.7970000e-02
   4.4578399e-01   9.7970000e-02
   4.4365936e-01   9.7970000e-02
   4.4153459e-01   9.7970000e-02
   4.3940952e-01   9.7970000e-02
   4.3728398e-01   9.7970000e-02
   4.3515768e-01   9.7970000e-02
   4.3303006e-01   9.7970000e-02
   4.3089862e-01   9.7970000e-02
   4.2875828e-01   9.7970000e-02
   4.2661439e-01   9.7970000e-02
   4.2446923e-01   9.7970000e-02
   4.2232303e-01   9.7970000e-02
   4.2017576e-01   9.7970000e-02
   4.1802725e-01   9.7970000e-02
   4.1587726e-01   9.7970000e-02
   4.1372554e-01   9.7970000e-02
   4.1157177e-01   9.7970000e-02
   4.0941558e-01   9.7970000e-02
   4.0725658e-01   9.7970000e-02
   4.0509429e-01   9.7970000e-02
   4.0292818e-01   9.7970000e-02
   4.0075764e-01   9.7970000e-02
   3.9858194e-01   9.7970000e-02
   3.9640025e-01   9.7970000e-02
   3.9421159e-01   9.7970000e-02
   3.9201478e-01   9.7970000e-02
   3.8980844e-01   9.7970000e-02
   3.8759084e-01   9.7970000e-02
   3.8535992e-01   9.7970000e-02
   3.8311307e-01   9.7970000e-02
   3.8084704e-01   9.7970000e-02
   3.7855763e-01   9.7970000e-02
   3.7623939e-01   9.7970000e-02
   3.7388508e-01   9.7970000e-02
   3.7148481e-01   9.7970000e-02
   3.6902478e-01   9.7970000e-02
   3.6648504e-01   9.7970000e-02
   3.6383566e-01   9.7970000e-02
   3.6102960e-01   9.7970000e-02
   3.5798834e-01   9.7970000e-02
   3.5457037e-01   9.7970000e-02
   3.5049224e-01   9.7970000e-02
   3.4509134e-01   9.7970000e-02
   3.3637611e-01   9.7970000e-02
   3.1436909e-01   9.7970000e-02
   3.5258943e-01   9.7970000e-02
