   0.0000000e+00
   1.2848725e-05
   3.8460071e-05
   7.6748340e-05
   1.2762824e-04
   1.9101490e-04
   2.6682384e-04
   3.5497099e-04
   4.5537270e-04
   5.6794572e-04
   6.9260722e-04
   8.2927475e-04
   9.7786630e-04
   1.1383002e-03
   1.3104954e-03
   1.4943709e-03
   1.6898464e-03
   1.8968419e-03
   2.1152778e-03
   2.3450750e-03
   2.5861547e-03
   2.8384386e-03
   3.1018486e-03
   3.3763073e-03
   3.6617375e-03
   3.9580625e-03
   4.2652060e-03
   4.5830920e-03
   4.9116451e-03
   5.2507902e-03
   5.6004526e-03
   5.9605579e-03
   6.3310324e-03
   6.7118026e-03
   7.1027953e-03
   7.5039380e-03
   7.9151584e-03
   8.3363847e-03
   8.7675454e-03
   9.2085695e-03
   9.6593864e-03
   1.0119926e-02
   1.0590118e-02
   1.1069894e-02
   1.1559184e-02
   1.2057920e-02
   1.2566033e-02
   1.3083457e-02
   1.3610122e-02
   1.4145964e-02
   1.4690914e-02
   1.5244907e-02
   1.5807878e-02
   1.6379760e-02
   1.6960489e-02
   1.7550000e-02
   1.8148230e-02
   1.8755114e-02
   1.9370589e-02
   1.9994593e-02
   2.0627063e-02
   2.1267936e-02
   2.1917151e-02
   2.2574648e-02
   2.3240364e-02
   2.3914240e-02
   2.4596215e-02
   2.5286230e-02
   2.5984226e-02
   2.6690143e-02
   2.7403924e-02
   2.8125510e-02
   2.8855466e-02
   2.9593731e-02
   3.0340243e-02
   3.1094941e-02
   3.1857764e-02
   3.2628653e-02
   3.3407549e-02
   3.4194391e-02
   3.4989122e-02
   3.5791683e-02
   3.6602015e-02
   3.7420063e-02
   3.8245769e-02
   3.9079076e-02
   3.9919929e-02
   4.0768271e-02
   4.1624049e-02
   4.2487206e-02
   4.3357689e-02
   4.4235443e-02
   4.5120416e-02
   4.6012555e-02
   4.6911807e-02
   4.7818119e-02
   4.8731441e-02
   4.9651720e-02
   5.0578907e-02
   5.1512951e-02
   5.2453801e-02
   5.3401409e-02
   5.4355726e-02
   5.5316703e-02
   5.6284291e-02
   5.7258443e-02
   5.8239112e-02
   5.9226251e-02
   6.0219813e-02
   6.1219752e-02
   6.2226023e-02
   6.3238582e-02
   6.4257382e-02
   6.5282380e-02
   6.6313531e-02
   6.7350794e-02
   6.8394124e-02
   6.9443479e-02
   7.0498817e-02
   7.1560096e-02
   7.2627275e-02
   7.3700313e-02
   7.4779171e-02
   7.5863807e-02
   7.6954182e-02
   7.8050258e-02
   7.9151995e-02
   8.0259355e-02
   8.1372301e-02
   8.2490795e-02
   8.3614801e-02
   8.4744280e-02
   8.5879199e-02
   8.7019520e-02
   8.8165209e-02
   8.9316230e-02
   9.0472550e-02
   9.1634134e-02
   9.2800949e-02
   9.3972962e-02
   9.5150139e-02
   9.6332449e-02
   9.7519860e-02
   9.8712340e-02
   9.9909859e-02
   1.0111239e-01
   1.0231989e-01
   1.0353234e-01
   1.0474971e-01
   1.0597197e-01
   1.0719909e-01
   1.0843105e-01
   1.0966781e-01
   1.1090934e-01
   1.1215563e-01
   1.1340665e-01
   1.1466236e-01
   1.1592274e-01
   1.1718778e-01
   1.1845744e-01
   1.1973169e-01
   1.2101053e-01
   1.2229391e-01
   1.2358183e-01
   1.2487425e-01
   1.2617115e-01
   1.2747252e-01
   1.2877832e-01
   1.3008855e-01
   1.3140318e-01
   1.3272218e-01
   1.3404555e-01
   1.3537325e-01
   1.3670528e-01
   1.3804161e-01
   1.3938222e-01
   1.4072710e-01
   1.4207623e-01
   1.4342959e-01
   1.4478717e-01
   1.4614896e-01
   1.4751492e-01
   1.4888506e-01
   1.5025935e-01
   1.5163778e-01
   1.5302033e-01
   1.5440701e-01
   1.5579778e-01
   1.5719263e-01
   1.5859157e-01
   1.5999456e-01
   1.6140161e-01
   1.6281439e-01
   1.6423288e-01
   1.6565706e-01
   1.6708694e-01
   1.6852249e-01
   1.6996369e-01
   1.7141054e-01
   1.7286303e-01
   1.7432114e-01
   1.7578486e-01
   1.7725419e-01
   1.7872911e-01
   1.8020962e-01
   1.8169570e-01
   1.8318735e-01
   1.8468457e-01
   1.8618733e-01
   1.8769565e-01
   1.8920951e-01
   1.9072892e-01
   1.9225385e-01
   1.9378432e-01
   1.9532031e-01
   1.9686184e-01
   1.9840888e-01
   1.9996144e-01
   2.0151953e-01
   2.0308314e-01
   2.0465227e-01
   2.0622692e-01
   2.0780709e-01
   2.0939279e-01
   2.1098401e-01
   2.1258077e-01
   2.1418306e-01
   2.1579088e-01
   2.1740425e-01
   2.1902317e-01
   2.2064765e-01
   2.2227768e-01
   2.2391328e-01
   2.2555446e-01
   2.2720122e-01
   2.2885357e-01
   2.3051152e-01
   2.3217508e-01
   2.3384426e-01
   2.3551908e-01
   2.3719953e-01
   2.3888565e-01
   2.4057743e-01
   2.4227489e-01
   2.4397804e-01
   2.4568691e-01
   2.4740149e-01
   2.4912182e-01
   2.5084789e-01
   2.5257974e-01
   2.5431738e-01
   2.5606082e-01
   2.5781008e-01
   2.5956519e-01
   2.6132616e-01
   2.6309300e-01
   2.6486575e-01
   2.6664441e-01
   2.6842902e-01
   2.7021960e-01
   2.7201615e-01
   2.7381872e-01
   2.7562732e-01
   2.7744198e-01
   2.7926272e-01
   2.8108957e-01
   2.8292254e-01
   2.8476168e-01
   2.8660700e-01
   2.8845853e-01
   2.9031630e-01
   2.9218034e-01
   2.9405067e-01
   2.9592734e-01
   2.9781035e-01
   2.9969976e-01
   3.0159558e-01
   3.0349785e-01
   3.0540660e-01
   3.0732186e-01
   3.0924367e-01
   3.1117206e-01
   3.1310707e-01
   3.1504872e-01
   3.1699706e-01
   3.1895212e-01
   3.2091394e-01
   3.2288254e-01
   3.2485798e-01
   3.2684029e-01
   3.2882950e-01
   3.3082566e-01
   3.3282880e-01
   3.3483897e-01
   3.3685621e-01
   3.3888055e-01
   3.4091204e-01
   3.4295072e-01
   3.4499663e-01
   3.4704982e-01
   3.4911032e-01
   3.5117820e-01
   3.5325347e-01
   3.5533621e-01
   3.5742644e-01
   3.5952422e-01
   3.6162959e-01
   3.6374260e-01
   3.6586329e-01
   3.6799173e-01
   3.7012794e-01
   3.7227199e-01
   3.7442572e-01
   3.7658918e-01
   3.7876243e-01
   3.8094555e-01
   3.8313859e-01
   3.8534162e-01
   3.8755470e-01
   3.8977791e-01
   3.9201130e-01
   3.9425494e-01
   3.9650890e-01
   3.9877325e-01
   4.0104806e-01
   4.0333339e-01
   4.0562932e-01
   4.0793592e-01
   4.1025326e-01
   4.1258141e-01
   4.1492044e-01
   4.1727043e-01
   4.1963145e-01
   4.2200357e-01
   4.2438688e-01
   4.2678144e-01
   4.2918734e-01
   4.3160445e-01
   4.3403268e-01
   4.3647190e-01
   4.3892200e-01
   4.4138289e-01
   4.4385444e-01
   4.4633655e-01
   4.4882911e-01
   4.5133202e-01
   4.5384516e-01
   4.5636844e-01
   4.5890173e-01
   4.6144495e-01
   4.6399798e-01
   4.6656073e-01
   4.6913308e-01
   4.7171494e-01
   4.7430620e-01
   4.7690677e-01
   4.7951653e-01
   4.8213540e-01
   4.8476327e-01
   4.8740005e-01
   4.9004562e-01
   4.9269991e-01
   4.9536281e-01
   4.9803421e-01
   5.0071404e-01
   5.0340219e-01
   5.0609856e-01
   5.0880307e-01
   5.1151562e-01
   5.1423611e-01
   5.1696446e-01
   5.1970057e-01
   5.2244435e-01
   5.2519570e-01
   5.2795455e-01
   5.3072080e-01
   5.3349437e-01
   5.3627515e-01
   5.3906307e-01
   5.4185804e-01
   5.4465997e-01
   5.4746878e-01
   5.5028437e-01
   5.5310668e-01
   5.5593560e-01
   5.5877106e-01
   5.6161297e-01
   5.6446126e-01
   5.6731584e-01
   5.7017662e-01
   5.7304353e-01
   5.7591649e-01
   5.7879542e-01
   5.8168023e-01
   5.8457086e-01
   5.8746721e-01
   5.9036922e-01
   5.9327681e-01
   5.9618990e-01
   5.9910841e-01
   6.0203228e-01
   6.0496142e-01
   6.0789576e-01
   6.1083523e-01
   6.1377975e-01
   6.1672926e-01
   6.1968368e-01
   6.2264294e-01
   6.2560696e-01
   6.2857569e-01
   6.3154904e-01
   6.3452695e-01
   6.3750935e-01
   6.4049618e-01
   6.4348736e-01
   6.4648284e-01
   6.4948253e-01
   6.5248638e-01
   6.5549432e-01
   6.5850629e-01
   6.6152222e-01
   6.6454205e-01
   6.6756572e-01
   6.7059316e-01
   6.7362431e-01
   6.7665911e-01
   6.7969750e-01
   6.8273942e-01
   6.8578481e-01
   6.8883360e-01
   6.9188575e-01
   6.9494119e-01
   6.9800149e-01
   7.0106657e-01
   7.0413635e-01
   7.0721074e-01
   7.1028965e-01
   7.1337300e-01
   7.1646072e-01
   7.1955272e-01
   7.2264892e-01
   7.2574924e-01
   7.2885361e-01
   7.3196194e-01
   7.3507416e-01
   7.3819020e-01
   7.4130997e-01
   7.4443340e-01
   7.4756043e-01
   7.5069097e-01
   7.5382496e-01
   7.5696232e-01
   7.6010299e-01
   7.6324689e-01
   7.6639396e-01
   7.6954413e-01
   7.7269733e-01
   7.7585349e-01
   7.7901256e-01
   7.8217446e-01
   7.8533913e-01
   7.8850651e-01
   7.9167654e-01
   7.9484915e-01
   7.9802428e-01
   8.0120188e-01
   8.0438188e-01
   8.0756423e-01
   8.1074887e-01
   8.1393574e-01
   8.1712479e-01
   8.2031595e-01
   8.2350919e-01
   8.2670443e-01
   8.2990164e-01
   8.3310075e-01
   8.3630172e-01
   8.3950449e-01
   8.4270902e-01
   8.4591526e-01
   8.4912315e-01
   8.5233265e-01
   8.5554371e-01
   8.5875629e-01
   8.6197035e-01
   8.6518582e-01
   8.6840268e-01
   8.7162088e-01
   8.7484038e-01
   8.7806113e-01
   8.8128309e-01
   8.8450622e-01
   8.8773049e-01
   8.9095586e-01
   8.9418228e-01
   8.9740971e-01
   9.0063814e-01
   9.0386750e-01
   9.0709778e-01
   9.1032893e-01
   9.1356093e-01
   9.1679373e-01
   9.2002731e-01
   9.2326163e-01
   9.2649667e-01
   9.2973239e-01
   9.3296876e-01
   9.3620576e-01
   9.3944336e-01
   9.4268152e-01
   9.4592022e-01
   9.4915944e-01
   9.5239914e-01
   9.5563931e-01
   9.5887992e-01
   9.6212095e-01
   9.6536237e-01
   9.6860416e-01
   9.7184630e-01
   9.7508877e-01
   9.7833155e-01
   9.8157462e-01
   9.8481900e-01
   9.8806460e-01
   9.9131135e-01
   9.9455915e-01
   9.9780792e-01
   1.0010576e+00
   1.0043081e+00
   1.0075594e+00
   1.0108113e+00
   1.0140639e+00
   1.0173171e+00
   1.0205707e+00
   1.0238249e+00
   1.0270794e+00
   1.0303343e+00
   1.0335895e+00
   1.0368449e+00
   1.0401007e+00
   1.0433565e+00
   1.0466126e+00
   1.0498688e+00
   1.0531251e+00
   1.0563815e+00
   1.0596379e+00
   1.0628944e+00
   1.0661510e+00
   1.0694075e+00
   1.0726641e+00
   1.0759206e+00
